AAPL,AXP,BA,CAT,CSCO,CVX,DIS,DD,GS,HD,IBM,INTC,JNJ,JPM,KO,MCD,MMM,MRK,MSFT,NKE,PFE,PG,TRV,UNH,UTX,V,VZ,WBA,WMT,XOM,
126.6,78.4,140.73,83.95,27.35,96.09,115.13,73.18,209.94,112.07,164.49,30.18,98.47,68.07,39.5,95.76,155.65,57.6,44.45,54.72,33.69,79.72,99.3,123.38,110.82,67.85,47,85.77,71.88,82.37,
126.44,78.21,140.21,84.38,27.33,95.87,114.97,73.17,209.2,111.49,165.09,30.56,98.44,67.52,39.49,96.17,155.38,57.67,44.4,54.94,33.37,79.93,99.23,121.81,109.56,68.24,47.2,85.81,71.86,83.14,
126,77.59,140.52,83.15,27.22,94.77,115.7,72.02,208.04,111.32,164.73,30.04,98.2,67.33,39.42,95.65,155.08,57.55,44.39,54.92,33.25,80.05,98.94,122.16,109.36,68.12,47.04,85.39,72.53,82.53,
125.69,77.55,143.15,83.99,27.36,95.27,117.1,72.4,208.21,112.4,165,29.9,98.92,66.8,40.25,96.68,155.43,57.99,44.3,55.65,33.73,81.72,100.03,120.7,110.09,67.77,47.25,87.25,73.79,82.87,
122.57,75.93,141.92,82.27,26.99,93.56,115.19,70.52,204.06,111,163.16,29.5,97.77,65.43,39.86,95.84,152.71,57.35,44.24,54.64,33.45,80.99,98.76,118.78,108.67,66.73,46.58,85.91,73.06,81.97,
120.07,76.34,142.8,81.69,26.91,93.78,115.6,71.57,204.81,111.38,163.85,28.93,98.4,66.11,39.92,96.49,153.75,57.38,44.52,54.72,33.86,80.66,100.07,119.34,108.92,67.05,46.26,89.55,72.78,81.6,
123.28,77.31,144.48,82.15,27.28,94.41,116.44,73.21,207.19,113.1,166.95,29.17,99.53,67.05,40.39,97.65,154.95,57.95,44.61,55.26,34.36,80.95,101,122.15,110.18,68.42,47,93.11,73.12,82.22,
125.66,78.53,146.62,83.64,27.79,94.6,118.05,73.97,210.12,114.9,169.38,29.73,100.27,68.09,40.66,98.43,156.47,57.87,45.54,56.21,34.82,81.91,102.33,122.45,111.58,69.52,47.2,94.48,73.88,82.42,
125.61,78.97,147.75,84.46,28.03,95.55,117.85,75.53,212.16,115.36,168.61,29.65,99.78,69.04,41.17,98.78,156.78,58.19,45.62,56.17,35.08,82.04,102.38,125,111.51,70.1,47.41,94.33,73.79,83.11,
126.82,78.54,146.89,84.16,28.11,94.24,118.3,74.2,212.96,115.58,168.53,29.69,100.42,69.19,41.13,99.07,156,58.22,45.76,55.95,34.98,82.15,102.42,125.86,111.25,70.02,47.33,93.95,73.65,82.76,
128.51,78.92,148.49,83.76,28.32,94.48,119.07,74.38,211.18,114.73,171,29.9,101.11,69.56,41.48,97.86,157.17,58.82,46.66,56.17,35.1,82.3,103.29,124.93,111.26,70.57,47.83,96.09,73.83,82.91,
129.62,79.22,146.84,83.16,28.18,93.15,118.86,72.87,212.46,114.47,172.51,29.47,100.08,69.21,41.25,97.5,156.69,58.82,46.62,56.4,35.07,82.24,102.94,123.85,110.74,70.88,47.59,95.75,73.39,82.61,
132.07,79.3,146.72,82.25,28.03,92.94,119.58,71.95,212.39,113.41,173.22,29.1,100.37,69.26,41.38,97.49,157.12,59,46.92,56.57,35.24,82.19,102.61,122.65,110.48,72.7,48.1,95.65,73.1,81.76,
130.75,78.95,145,82.22,27.84,93.9,119.31,71.35,211.5,113.86,163.07,28.72,100.34,69.1,41.19,97.32,155.76,58.67,47.28,56.5,35.14,81.63,104.48,120.86,102.71,72.02,46.97,95.66,72.74,81.66,
125.22,78.99,146.47,79.76,27.53,93.51,119.33,71.2,213.25,114.9,160.35,28.61,100.18,70.08,40.9,97.58,155.41,58.13,45.54,57.05,34.88,80.83,105.3,120.61,101.55,71.97,46.45,96.64,73.16,81.79,
125.16,77.01,146.11,76.88,28.01,92.94,118.8,68.01,211.05,114.59,161.73,28.6,100.2,69.64,40.84,97.09,149.5,58.07,46.11,57,34.78,80.7,105.3,119.33,101.14,71.75,46.35,95.48,72.51,81.14,
124.5,75.9,144.06,76.1,28.4,90.6,118.91,65.47,207.35,113.59,159.75,28.06,99.15,68.91,40.44,96.1,149.33,57.41,45.94,56.5,34.26,80.29,105.27,117.94,99.31,74.8,46.04,95.11,71.58,79.94,
122.77,74.92,141.03,75.32,28.21,89.14,118.25,64.98,205.02,113.07,159.07,28.35,98.28,68.01,40.54,96.04,148.71,56.99,45.35,55.87,34.34,79.97,105.59,117.88,98.87,73.86,45.83,94.38,71.38,79.26,
123.38,75.11,141.81,77.78,28.21,92.4,118.46,66.43,206.24,114.84,160.05,28.96,99.02,68.05,40.55,97.33,151.11,57.52,45.34,56.74,35.35,80.23,105.94,121.52,98.97,74.74,45.89,96.22,72.1,82.48,
122.99,75.7,144.14,77.33,28.4,93.25,119.84,67.54,206.84,116.37,161.09,29.01,99.73,68.94,40.59,98.21,151.45,58.54,46.29,57.46,35.76,80.62,106.43,121.52,99.36,76.01,46.56,96.58,72.23,83.14,
122.37,76.12,143.01,78.35,28.3,93.03,120.03,67.53,207.2,116.46,160.96,28.91,99.84,69.04,40.56,99.17,151.57,58.52,46.88,57.51,35.73,77.39,106.5,120.56,100.73,76.38,46.67,96.54,72.16,83.01,
121.3,76.06,144.17,78.63,28.42,88.48,120,67.02,205.07,117.03,161.99,28.95,100.21,68.53,41.08,99.86,151.34,58.96,46.7,57.61,36.06,76.7,106.12,121.4,100.31,75.34,46.79,96.63,71.98,79.21,
118.44,75.98,143.69,77.26,28.36,85.6,121.12,66.16,204.69,116.89,158.71,29.05,100.02,68.53,41.54,99.42,150.12,59.05,46.81,57.42,36.15,76.4,106.94,120.89,99.42,75.77,46.97,95.91,72.18,78.06,
114.64,75.72,143.54,76.6,28.03,85.21,121.69,66.49,205.17,117.53,157.6,29.13,99.8,68.46,41.85,99.14,150.4,58.7,47.54,57.89,36.11,75.91,106.63,120.84,99.03,75.27,46.67,95.67,72.25,77.17,
115.4,75.59,144.95,76.88,28.27,84.03,110.53,67.12,205.7,118,157.9,29.12,100.52,68.73,42.12,99.8,151.01,59.1,47.58,58.38,35.82,75.77,106.08,123.92,98.87,74.98,46.64,96.68,73.51,77.17,
115.13,75,143.82,77.46,28.21,85.19,108.55,66.36,205.09,116.56,156.32,29.01,99.07,68.25,41.92,99.35,149.26,58.43,46.62,57.56,35.17,75.74,105.46,122.04,98.98,73.58,46.63,93.73,72.79,78.09,
115.52,79.72,142.42,77.29,28.15,83.75,109.35,64.8,203.44,116.93,155.12,28.88,98.85,68.05,41.77,98.92,148.89,57.97,46.74,57.26,35.19,75.48,105.48,121.82,98.29,74.21,46.36,93.28,71.25,76.83,
119.72,81.26,145.86,80.16,28.59,85.89,111,66.42,205.97,117.6,156.75,29.64,99.79,68.89,41.68,99.39,151.24,58.41,47.33,57.68,35.36,76.38,105.82,122.48,99.55,74.38,47.23,93.95,71.48,78.75,
113.49,81.34,144.05,78.04,28.02,85.78,108,64.5,201.7,117.69,155.51,28.97,99.01,68.23,41.48,98.81,148.48,57.76,46.41,57.23,35.12,76.22,105.89,122.26,98.61,73.36,47.6,92.95,71.93,77.49,
115.24,81,142.43,78.92,27.9,86.79,106.99,65.08,201.13,117.69,156.16,29.46,98.71,67.24,41.26,98.28,148.52,58.26,46.74,56.53,35.37,76.39,105.43,121.2,98.69,73.54,47.85,93.36,72.58,78.79,
115.15,80.76,144.81,77.76,28.7,85.85,107.52,64.04,200.74,119.02,155.07,28.87,98.48,67.55,41.1,99.37,147.4,58.98,46.73,56.8,35.36,75.78,106.95,120.52,98.38,73.93,47.66,92.54,72.11,78.65,
115.96,80.91,145.09,78.49,29.03,85.99,107.16,63.94,202.02,119.75,155.75,29.02,98.81,67.89,41.25,99.27,148.28,59.18,47,57.18,35.32,75.62,107.71,121.02,98.7,74.22,47.49,92.1,72.38,78.36,
117.16,81,144.44,78.54,28.83,83.23,109.05,64.75,202.57,119.7,156.31,29.08,99.87,68.07,41.35,100.66,149.24,59.71,47.32,57.49,35.5,75.53,107.71,123.82,99.36,74.41,47.52,92.7,71.91,78.77,
116.5,81.24,144.6,78.82,28.25,83.44,106.94,63.73,201.18,122.8,156.01,28.91,99.37,68.21,41.3,100.76,148.31,59.66,47.27,57.41,35.52,75.13,107.82,125.5,99.41,74.47,47.46,91.94,69.48,77.9,
115.01,80.95,142.72,77.41,27.8,80.91,106.45,62.85,200.95,122.76,153.94,28.36,99.31,67.6,40.78,101.1,145.87,59.66,46.61,57.48,35.27,74.12,107.22,123.22,98.21,74.4,47.44,91.41,68.57,76.23,
112.65,78.76,137.02,76.41,27.04,79.24,100.02,62.19,196.75,120.54,152.66,27.53,98.79,65.94,40.55,99.76,143.35,56.95,45.66,56.15,34.55,73.91,105.7,119.79,95.82,73.95,46.88,89.77,68.43,74.57,
105.76,77.03,131.71,75,26.47,75.76,98.84,60.69,187.74,116.16,148.85,26.56,95.56,63.6,39.53,97.13,142.09,55.77,43.07,53.44,33.54,71.84,102.93,116.28,93.01,71.19,46.1,85.61,66.54,72.13,
103.12,74.65,127.19,72.82,25.19,72.12,95.36,57.46,179.46,112.54,143.47,26.25,92.82,60.25,38.38,92.87,138.58,53.99,41.68,51.94,32.13,69.14,98.78,110.43,90.87,68.36,44.74,82.27,63.95,68.72,
103.74,73.52,125.49,72.06,24.62,70.02,95.89,56.09,178.22,110.97,140.96,25.87,90.73,59.91,37.99,91.21,137.64,51.17,40.47,51.77,31.34,68.42,97.75,109.98,88.8,66.97,43.5,81,63.1,68.71,
109.69,75.63,129.34,73.87,25.68,73.09,99.23,58.46,184.4,115.93,146.7,27.3,95.11,62.91,38.73,95.15,142.72,54.42,42.71,54.38,32.43,70.9,100,113.46,91.56,70.69,45.16,85.41,64.83,72.5,
112.92,76.88,131.87,75.66,26.17,77.64,102.17,62.09,189.21,117.66,148.54,27.72,96.22,64.48,39.27,97.33,143.9,54.95,43.9,56.31,33.26,71.48,101.4,117.77,93.27,72.4,46.19,87.85,66.08,74.85,
113.29,76.65,133.24,75.95,26,80.43,102.48,62.66,187.75,117.52,147.98,28.42,95.17,64.13,39.45,96.25,144.21,55.37,43.93,56.25,32.66,71.21,100.43,117.28,93.24,72.46,46.07,87.42,64.94,75.07,
112.76,76.72,130.68,76.44,25.88,80.99,101.88,62.32,188.6,116.46,147.89,28.54,93.98,64.1,39.32,95.02,142.14,53.85,43.52,55.88,32.22,70.67,99.55,115.7,91.61,71.3,46.01,86.55,64.73,75.24,
107.72,74,127.44,74.9,25.12,78.19,99.51,59.33,182.12,113.07,142.68,27.82,92.09,61.45,38.75,93.47,138.5,52.53,41.82,54.32,31.36,68.9,97.49,112.63,89.72,68.96,44.9,86.04,63.82,72.08,
112.34,74.94,130.63,76.1,25.65,78.06,101.89,60.37,184.51,116.48,145.05,28.6,93.35,62.57,38.9,96.04,141.24,52.98,43.36,55.35,31.97,69.81,98.93,114.23,91.24,69.62,45.35,87.83,64.44,73.23,
110.37,75.26,131.02,74.45,25.9,78.26,101.99,60.99,185.06,116.6,146.78,29.08,92.64,62.68,39.16,96.01,141.74,52.65,43.5,55.43,31.89,69.93,99.37,113.99,91.91,70.4,45.72,88.26,64.86,73.79,
109.27,74.08,129.76,73.1,25.52,76.67,100.97,59.93,180.38,114.42,143.7,28.52,91.31,61.5,38.52,94.85,139.84,51.59,42.61,54.85,31.37,68.76,97.76,112.36,90.68,69.16,44.82,87.43,63.89,72.46,
112.31,75.49,133.82,74.3,26.3,76.84,104.01,62.79,185.88,116.43,147.23,29.5,93.94,63.16,38.9,96.78,143.43,52.69,43.89,55.88,32.53,69.98,99.65,116.09,92.82,70.53,45.88,90.09,66.38,73.5,
110.15,75.12,132.65,72.96,25.94,74.92,101.91,62.36,185.68,113.97,145.05,29.24,92.22,62.18,38.3,95.43,140.86,51.93,43.07,54.93,31.96,68.48,98.48,115.08,91.85,69.6,45.39,88.94,65.12,72,
112.57,75.31,133.55,72.42,26.26,75.66,102.6,62.32,185.91,114.49,146.2,29.27,92.72,62.66,38.42,95.25,140.78,52.72,43.29,55.19,32.62,68.32,99.09,116.77,91.4,70.23,45.46,89.38,64.12,72.52,
114.21,75.5,134.67,72.63,26.02,75.79,104.48,62.35,185.27,115.44,147.37,29.47,92.93,62.56,38.13,97.41,141.26,52.09,43.48,55.91,32.97,68.42,99.49,118.7,92.33,70.76,45.73,90.4,64.65,72.69,
115.31,75.14,134.43,72.77,25.7,75.77,103.82,61.35,183.94,114.73,145.65,29.39,93.32,62.38,38.1,96.97,140.81,52.34,43.04,55.95,32.71,68.06,99.28,117.8,91.83,70.01,45.65,90.17,64.28,72.49,
116.28,76.5,136.3,74.58,25.98,77.17,103.43,62.1,187.45,116.18,147.53,29.73,94.4,63.58,38.5,98.19,143.6,53.55,43.98,56.92,33.17,69.45,100.86,120.03,92.68,70.51,46.37,90.92,64.32,72.86,
116.41,77.32,137.2,75.64,26.07,79.02,103.96,64.06,188.64,117.82,148.41,29.77,94.61,64.14,39.15,98.69,144.2,53.87,44.3,57.79,33.18,70.1,101.91,121.15,93.94,70.99,46.19,90.91,64.69,74.3,
113.92,77.06,137.45,74.06,25.88,79.41,104.2,62.97,186.45,117.91,148.14,29.71,94.84,62.65,39.38,97.84,142.95,53.96,44.25,57.64,33.48,70.24,101.66,123.26,93.31,70.96,45.23,89.68,64.47,74.46,
113.45,75.95,136.09,71.86,25.54,77.74,102.84,61.68,180.94,115.12,144.51,29.02,93.39,60.94,38.98,97.05,139.62,52.13,43.48,57.53,32.85,69.94,99.66,122.47,91.07,69.79,44.57,86.49,63.34,72.68,
115.21,76.74,136.02,72.16,25.54,78.09,103.41,62.69,183.35,116.58,146.48,29.16,93.13,61.45,39.19,97.9,140.04,50.98,44.11,58.28,32.42,70.65,100.52,123.94,91.55,70.78,44.8,88.25,63.72,73.39,
113.4,75.71,133.99,71.68,25.14,77.25,102.49,62.09,179.72,115.8,144.43,28.67,93.24,60.91,38.79,97.2,138.02,50.74,43.9,57.99,32.26,70.19,98.98,122.93,88.2,70.25,44.43,86.71,63.59,72.74,
114.32,75.63,131.67,70.2,25.28,76.12,101.57,60.64,179.41,116.17,143.66,28.74,92.99,60.64,38.76,97.38,137.66,51.03,43.87,57.72,32.62,70.26,99.08,123.28,86.96,70.95,43.98,87.44,63.72,72.3,
115,74.69,129.75,65.8,25.41,76.89,100.62,60.51,176.91,116.34,144.41,28.48,92.48,60.22,39.15,97.29,137.58,50.59,43.91,57.4,32.7,71.36,98.86,121.09,86.82,70.24,44.09,85.75,63.83,72.73,
114.71,75.1,131.01,64.98,26.03,77.7,100.3,60.27,179.83,116.74,145.42,28.81,91,61.47,39.62,97.59,139.56,49.6,43.94,62.5,31.89,72.67,99.91,116.37,87.3,70.69,44.22,85.32,63.78,73.23,
112.44,73.34,128.13,63.79,25.66,75.77,98.49,56.99,173.02,114.1,142.52,28.76,91.37,59.98,39.53,95.96,138.38,48.42,43.29,61.07,30.82,71.77,99.08,112.7,86.83,67.2,43.74,82.63,63.66,72.6,
109.06,73.1,128.75,64.31,25.64,76.25,99.42,57.76,171.86,112.91,142.47,29.24,93.04,59.84,39.66,97.48,141.55,48.65,43.44,59.84,31.02,72.28,99.47,114.22,87.98,68.53,43.53,82.06,63.78,72.97,
110.3,74.13,130.95,65.36,26.25,78.88,102.2,60.38,173.76,115.49,144.97,30.14,93.35,60.97,40.12,98.53,141.77,49.39,44.26,61.49,31.41,71.94,99.53,116.01,88.99,69.66,43.51,83.1,64.84,74.35,
109.58,73.89,130.61,64.39,25.73,78.34,102.67,61.21,176.02,117.03,143.59,30,93.17,61.42,39.8,98.78,140.8,49.37,44.61,61.92,31.84,71.95,98.34,116.61,88.36,69.99,42.96,84.63,64.27,74.06,
110.38,74.41,132.56,65.7,25.76,81.55,103,63.3,177.01,117.81,144.58,30.51,93.93,60.81,40.39,99.79,143.2,50.14,45.57,62.61,33.08,72.42,100.03,118.83,89.77,70.67,42.84,87.11,64.98,75.88,
110.78,77.3,134.02,69.18,26.85,84.03,103.85,65.95,180.7,119.2,149.04,31.21,94.76,62.02,41.01,101.17,146.32,51.23,46.63,62.14,33.48,73.22,101.86,119.65,92.26,72.23,44,87.96,65.87,76.81,
111.31,76.91,134.63,70.82,27.23,86.99,103.77,67.05,180.32,118.68,148.78,31.74,93.42,62.05,40.96,101.9,145.79,49.8,46.75,61.6,32.79,73.4,101.07,116.05,92.55,72.08,44.06,84.1,65.68,77.89,
110.78,77.18,137.02,70.38,27.54,88.12,103.39,67.63,182.23,119.65,150.09,32.32,94.98,62.13,41.52,101.77,147.54,50.95,46.8,61.05,33.29,73.72,102.17,116.43,93.51,73.22,43.85,84.44,66.36,79.2,
109.5,77.18,139.04,71.84,27.91,89.91,104.61,68.06,181.07,121.06,152.28,32.52,95.08,62.13,41.98,102.95,149.48,51.02,47.45,62.46,33.09,74.4,103.09,116.08,94.33,73.9,44.23,84.28,66.88,80.03,
112.12,77.33,139.7,71.3,27.91,89.57,105.56,67.05,179.19,121.33,152.39,32.14,95.37,61.93,42.02,102.76,149.9,50.95,47.11,62.47,33.24,74.48,102.94,119.27,95.37,73.98,44.16,85.37,66.69,79.26,
111.6,77.31,140.68,70.5,27.96,88.74,106.35,66.36,180.23,121.9,151.14,32.21,95.99,61.72,42,103.24,150.06,50.71,47,63.22,33.22,74.33,103.72,122.51,95.43,74.99,44.3,86.21,66.93,79.3,
111.79,76.6,140.29,70.17,27.85,88.38,106.59,66.23,180.97,121.61,149.62,32.04,95.45,61.55,41.65,103.38,149.11,49.47,46.89,62.91,32.98,74.11,103.31,123.99,94.28,75,44.36,85.14,66.73,79.16,
110.21,76.17,134.22,70.71,27.82,89.76,105.73,67.09,179.51,120.27,150.01,32.8,94.53,59.99,41.68,102.82,148.32,49.54,46.68,62.92,33.04,74.21,102.77,122.07,92.17,74.2,43.99,84.03,60.03,80.16,
111.86,76.74,137.39,70.83,28.15,90.72,107.89,67.76,184.96,121.81,150.09,32.75,97.15,61.89,41.92,103.66,149.19,50.72,47.01,64.4,34.08,74.27,104.96,120.17,93.18,75.34,44.67,87.26,59.33,81.48,
111.04,77.21,137.6,69.68,28.25,91.29,108.24,67.82,185.18,122.74,150.39,33.04,98.24,62.43,42.02,104.82,148.7,51.48,47.51,65.24,34.41,74.9,105.9,119.98,93,76,44.7,88.14,58.89,82.48,
111.73,77,138.42,69.27,28.25,90.03,109.47,67.49,185.74,123.1,149.22,33.59,97.94,62.22,41.99,104.49,148,51.4,47.62,66.61,34.5,75.16,106.32,120.73,92.05,76.99,44.7,88.46,58.85,80.99,
113.77,76.95,138.88,70.27,28.5,89.99,109.84,67.91,185.51,122.85,140.64,33.44,97.59,62.52,42.29,103.84,149.11,50.39,47.77,66.19,34,74.43,108.95,120.42,95.62,76.28,45.24,88.74,58.75,80.83,
113.76,76.51,141.19,69.67,28.28,89.33,110.09,67.62,179.7,123.3,140.92,33.37,97.63,62.06,42.19,102.54,149.82,50.59,47.2,66.24,33.46,73.59,110.7,118.11,97.97,75.46,44.86,88.04,58.64,80.21,
115.5,72.5,146.31,70.88,29.01,91.62,113.25,71.09,183.56,124.36,144.09,34.4,99.53,63.19,43.24,110.87,156,52.01,48.03,66.21,33.33,74.85,112.32,113.81,99.79,76.42,45.89,88.63,58.9,82.89,
119.08,74.59,146.7,71.75,29.35,91.24,113.09,71.66,185.5,124.61,144.68,34.9,100.31,63.87,42.79,112.59,155.79,52.88,52.87,65.27,34.05,77.03,112.28,115.92,100.62,77.07,46.16,89.96,58.3,82.98,
115.28,74.19,146.7,71.52,28.95,88.77,113.52,71.85,187.01,125.01,143.66,34.59,99.94,63.9,42.59,112.18,156.54,52.91,54.25,65.69,34.16,77.49,112.77,116.53,100.23,78.18,46.36,89.48,58.02,81.22,
114.55,74.01,148.46,70.39,29.05,87.7,113.77,72.19,186.31,124.47,137.86,34.47,100.19,63.64,42.61,111.64,156.73,53.47,53.69,65.41,34.99,77.29,113.41,119.37,98.88,77.52,46.17,95.16,57.48,81.09,
119.27,74.45,147.88,71.97,29.36,89.79,114.34,73.16,191.32,123.82,140.83,34.71,100.48,65.5,42.73,112.94,158.08,55.1,53.98,65.65,35.45,76.51,114.26,119.78,99.32,78.87,46.48,84.95,57.64,82.28,
120.53,74.22,147.18,71.97,29.14,89.89,115.04,72.49,189.89,123.63,140.55,34.03,101.37,65.21,42.79,112.62,157.61,54.87,53.36,65.56,34.77,77.02,114.29,119.71,99.05,78.51,46.4,83.88,57.96,82.23,
119.5,73.26,148.07,72.99,28.85,90.88,113.74,73.58,187.5,123.64,140.08,33.86,101.03,64.25,42.35,112.25,157.21,54.66,52.64,65.52,33.82,76.38,112.89,117.78,98.41,77.58,46.88,84.68,57.24,82.74,
121.18,73.94,148.4,74.34,28.77,94.96,115.04,73.47,189.68,124.41,140.37,34.11,102.17,65.54,42.24,112.11,159.92,55.11,53.24,65.6,35.06,76.6,113.87,118.69,99.39,75.22,46.78,86.55,57.61,85.28,
122.57,74.03,148.09,74.75,28.61,98.14,115.54,74.02,190.69,125.66,141.88,34.31,101.96,65.78,42.16,112.08,158.75,55.11,54.15,65.7,34.97,77.05,113.69,117.66,100,77.9,46.45,88.23,58.11,86.85,
122,74.07,148.19,74.55,28.47,96.77,113.25,73.17,191.65,125.38,141.63,34.15,101.94,65.85,41.97,112.4,158.91,55.53,54.4,65.18,34.14,77.06,114.08,114.64,100.33,78.35,46.14,87.48,58.37,85.98,
120.92,73.93,147.97,74.22,28.43,94.55,113,73.5,192.02,125.72,139.89,34,102.33,66.44,42.33,112.85,158.99,55.05,54.38,65.93,34.15,76.39,113.97,116.23,100.8,79.26,46.2,85.95,58.61,84.81,
121.06,74.3,147.94,73.84,28.45,94.03,115.67,73.82,199.17,125.98,138.25,33.84,101.92,68.46,41.96,113.31,159.26,54.61,54.92,65.89,33.93,75.57,113.1,114.81,100.8,78.75,45.78,84.67,58.78,84.47,
120.57,73.42,145.98,71.89,28.18,92.32,116.42,73.63,196.76,124.5,135.31,33.35,100.84,67.39,41.54,112.93,157.47,54.24,54.16,65.24,33.65,75.4,112.83,114.26,99.66,78.04,45.3,83.48,58.49,81.95,
116.77,73.37,145.15,72.43,27.98,93.23,117.42,73.64,197.81,125.26,135.47,33.21,101.45,67.68,41.77,113.22,157.59,54.43,53.51,65,33.79,75.77,114.05,115.89,98.68,79.48,45.1,83.53,58.68,82.35,
116.11,72.91,144.99,71.91,27.82,92.19,116.52,73.63,197.39,124.71,135.02,32.86,101.86,67.35,42.04,113.85,159.05,53.72,53.65,63.71,33.74,75.96,114.38,114.54,98.26,79.18,45.32,81.82,57.58,81.62,
115.72,71.98,142.54,68.66,27.83,89.86,116.21,71.82,192.77,123.81,133.04,32.4,100.27,66,41.58,112.11,156.3,53.03,53.32,62.99,33.39,74.66,112.31,112.82,99.22,78.31,44.83,80.4,56.95,79.41,
112.34,71.2,142.59,69.63,26.21,88.68,114.84,72.83,190.39,120,131.75,32.11,99.88,65.56,41.38,109.97,155.65,53.03,52.84,60.93,33.27,73.96,112,111.41,96.48,78.11,44.23,79.17,56.42,78.1,
114.18,71.66,144.42,70.39,26.79,91.45,115.92,73.55,192.16,120.84,133.71,32.1,101.22,66.51,41.96,111.06,158.21,53.7,53.77,61.73,33.16,75.3,112.89,113.82,97.83,78.9,45.04,81.84,57.87,80.9,
113.69,71.11,146.08,69.39,26.81,91.03,116.13,73.55,190.57,126.18,133.82,32.64,101.5,66.13,41.67,110.94,157.03,53.71,52.97,61.29,32.87,75.07,112.74,114.39,97.55,78.83,45.08,82.97,59.92,79.96,
117.29,72.15,148.28,70.32,27.12,92.21,118.14,75.7,193.66,126.54,135.82,33.16,102.67,67.45,42.28,112.53,157.39,54.23,53.85,62.89,33.31,75.9,114.68,117.25,97.71,80.46,45.38,84.58,60.93,80.74,
118.78,72.74,149.24,70.02,27.37,90.83,118.71,75.93,193.03,126.86,136.74,34.3,102.49,67.66,43.11,113.3,158.38,54.28,53.94,62.89,32.29,76.22,115.02,110.63,98.3,80.15,45.76,82.83,60.7,80.3,
119.3,72.42,149.4,71.14,27.57,89.01,120.07,75.93,191.47,130.21,138.5,34.66,102.48,67.54,42.43,113.91,158.95,54.1,54.19,66.33,32.18,75.82,115.83,112.97,98.22,80.19,45.39,81.83,60.07,79.79,
117.75,72.24,148.34,71.02,27.43,90.01,119.42,75.48,189.19,132.5,138.46,34.48,102.77,66.88,42.96,114.47,158.65,54.01,54.19,66.23,31.33,75.97,115.63,112.16,98.09,80.11,44.99,81.91,60.26,80.28,
118.88,71.63,148.65,71.4,27.27,91.35,117.95,76.02,188.67,133.6,138.6,34.36,102.04,66.78,43.36,114.28,157.75,53.48,54.25,66.26,31.97,76.45,115.44,113.19,97.36,79.79,45.19,82.93,59.92,81.88,
118.03,71.69,147.43,71.49,27.24,90.87,118.67,73.94,189.15,134.65,138,34.45,101.96,66.86,43.36,114.4,157.63,53.72,53.69,67.07,32.87,75.9,114.8,114.41,97.27,79.56,44.92,83.4,60.24,81.25,
117.81,71.85,146.95,71.22,27.32,90.37,115.13,74.07,190.47,134.74,138.46,34.46,102.37,67.17,43.15,114.23,157.99,53.96,53.93,67.17,32.79,75.7,114.85,114.34,96.8,79.84,45.23,84.18,59.89,81.23,
118.3,71.64,145.45,72.65,27.25,91.32,113.47,74.24,190.02,133.88,139.42,34.77,101.24,66.68,42.62,114.16,156.58,53.01,54.35,66.14,32.77,74.84,114.57,112.71,96.05,79.01,45.45,84.03,58.84,81.66,
117.34,72.2,147.74,71.56,27.57,92.48,115.39,76.07,193.07,134.43,141.28,35.09,102.36,67.61,42.89,114.45,156.9,54.57,55.22,66.66,33.62,75.94,115.68,116.26,96.7,79.91,45.58,83.99,58.99,81.89,
116.28,71.2,146.96,71.03,27.44,90.25,114,74.47,190.26,133.81,139.7,34.83,102.05,66.66,42.77,113.72,155.7,53.82,55.21,66.33,32.9,75.79,114.71,117.64,95.25,79.04,44.92,83.31,58.35,79.55,
115.2,70.42,145.56,69.64,26.95,88.85,111.89,73.85,185.2,130.93,138.92,34.04,100.79,65.8,42.46,113.39,154.38,52.59,54.2,64.56,32.39,75.74,111.29,115,94.7,78.29,44.56,81.94,59.04,78.41,
119.03,71.1,148.5,69.98,27.48,89.71,114.24,75.92,189.99,134.53,140.43,34.94,102.95,67.89,43.29,116.2,158.22,53.64,55.91,66.17,32.8,77.83,114.06,117.74,95.73,80.4,45.71,84.62,59.66,78.86,
118.28,70.61,148.45,68.36,27.49,87.28,113.83,74.1,185.49,133.93,139.55,34.99,103.32,67,43.2,116.42,157.75,53.68,55.81,65.8,32.66,78.37,113.59,115.91,95.91,79.55,46.06,84.87,60.5,76.8,
118.23,69.91,144.99,66.54,27.15,86.44,112.48,72.49,182.92,133.84,138.05,34.75,102.42,65.96,43.01,116.53,156.79,53.47,55.79,65.85,32.53,77.75,112.37,115.88,94.23,79.07,45.7,83.66,59.61,74.63,
115.62,69.86,144.24,65.91,26.73,87.6,111.47,81.13,180.71,131.9,136.61,34.81,102.15,65.46,42.66,116.58,156.05,52.82,54.98,64.42,32.29,77.7,111.04,115.05,94.16,77.88,45.36,83.34,59.13,75.63,
116.17,70.11,146.41,66.38,26.77,89.3,110.76,78.2,182.11,132.54,136.78,34.77,102.64,65.61,42.76,117.2,157.52,53.69,55.27,64.32,32.36,77.79,110.99,116.21,93.87,78.12,45.32,83.42,59.56,75.69,
113.18,68.86,144.62,65.43,26.16,86.44,108.04,76,176.56,130.44,134.57,34.27,101.68,64.07,42.27,116.08,154.83,52.15,54.06,63.15,32.06,77.78,109.76,115.98,93.3,76.11,44.82,81.71,59.36,74.34,
112.48,68.83,143,66.12,26.49,89.33,109.35,73.04,176.4,132.01,135.93,34.47,102.15,64.27,42.45,116.26,157.63,52.2,55.14,63.93,32.18,78.29,111.03,115.85,93.03,76.87,45.45,82.56,60.39,76.03,
110.49,70.15,146.53,66.75,26.85,92.76,112.16,72.02,182.01,131.29,137.79,35.18,104.13,66.1,43.07,116.93,148.13,52.9,55.2,64.31,32.26,79.68,113.18,117.61,93.26,78.62,45.55,82.11,59.64,79.43,
111.34,70.71,148.11,67.72,27.24,93.44,113.79,72.23,186.21,132.9,139.29,35.3,105.25,67.53,43.84,117.84,149.95,54.02,56.13,65.47,32.58,80.99,114.54,118.83,95.13,79.86,46.51,84.71,60.3,79.15,
108.98,69.57,145.56,64.9,26.72,90.54,112.01,71.56,182.61,131.35,136.75,34.91,103.64,66.28,43.49,117.5,148.85,52.66,55.7,65.11,32.33,80.29,113.27,119.22,93.87,78.69,46.1,83.34,58.98,77.96,
106.03,67.87,139.58,65.11,26.27,89.81,107.72,70.68,175.49,130.29,134.9,33.87,101.95,64.4,42.5,116.66,146.92,51.64,54.13,64.26,31.99,78.13,110.13,115.82,92.34,76.32,45.56,82.51,58.85,77.28,
107.33,68.4,140.9,65.24,26.64,89.24,106.59,72.59,177.75,131.31,135.5,34.24,101.58,65.54,42.78,117.69,147.48,51.87,54.83,64.9,32.46,78.95,110.94,117.41,93.61,77.17,45.9,84.89,59.55,77.26,
107.23,68.85,142.38,68.41,26.89,90.27,106.74,73.34,180.05,131.88,137.93,34.73,102.71,65.68,43.29,117.72,148.97,52.1,55.35,65.93,32.52,79.6,112.48,117.44,94.87,77.38,46.34,86.01,60.54,77.65,
108.61,69.97,144.06,69.89,27.4,93.81,105.56,74.81,182.95,133.11,138.54,35,103.49,66.73,43.67,118.8,151.16,52.98,55.82,64.36,32.56,79.92,113.21,118.69,96.3,78.56,46.95,86.05,61.09,80.19,
108.03,70.16,143.53,69.38,27.38,92.05,105.86,74.49,182.47,132.9,138.25,34.98,103.72,66.6,43.54,118.57,151.19,52.85,55.67,63.18,32.62,79.79,113.27,118.34,96.3,78.26,46.71,86.46,60.83,79.33,
106.82,69.76,144.54,68.58,27.31,90.36,107.25,74.38,181.62,132.68,137.61,34.93,103.22,66.38,43.49,118.75,151.22,52.84,55.95,63.81,32.42,79.92,113.48,118.33,96.09,78.53,46.75,85.84,60.75,78.74,
108.74,70.55,147.35,69.19,27.77,91.25,107.08,75.18,183.53,133.7,139.78,35.44,104.03,67.07,43.71,120.07,152.89,53.34,56.55,64.26,32.83,80.36,115.02,119.82,97.27,79.21,47.21,86.82,61.61,79.16,
107.32,70.16,146.41,68.69,27.53,90.09,106.34,73.57,182.01,133.35,139.34,34.99,103.78,66.59,43.57,119.43,151.91,53.25,56.31,63.25,32.75,80.07,114.29,118.92,96.9,78.35,46.77,86.39,61.68,78.11,
105.26,69.55,144.59,67.96,27.16,89.96,105.08,73.31,180.23,132.25,137.62,34.45,102.72,66.03,42.96,118.14,150.64,52.82,55.48,62.5,32.28,79.41,112.86,117.64,96.07,77.55,46.22,85.16,61.3,77.95,
105.35,67.59,140.5,67.99,26.41,88.85,102.98,71.1,177.14,131.07,135.95,33.99,100.48,63.62,42.4,117.58,146.82,52.48,54.8,61.52,31.95,78.37,109.97,116.46,95.57,75.7,45.87,83.05,61.46,77.46,
102.71,66.55,141.07,67.28,26.29,89.61,100.9,70.56,174.09,130.43,135.85,33.83,100.9,63.73,42.55,119.2,147.46,53.15,55.05,62.38,32.18,78.62,110.47,116.68,95.72,76.27,46.5,80.87,62.92,78.12,
100.7,64.42,138.83,66.22,26.01,86.07,100.36,69.01,169.84,129.08,135.17,33.08,100.39,62.81,42.32,118.4,144.49,52.42,54.05,61.49,31.61,77.86,109.04,115.49,93.12,75.27,45.52,79.63,63.55,77.47,
96.45,63.84,133.01,63.94,25.41,83.02,99.5,66.42,164.62,125.4,132.86,31.84,99.22,60.27,41.62,115.66,140.97,51.96,52.17,59.85,31.4,77.18,106.44,112.09,91.9,73.79,45.27,81.17,65.03,76.23,
96.96,63.63,129.99,63.29,24.78,82.13,99.25,65.91,163.94,123.9,131.63,31.51,98.16,58.92,41.51,115.48,140.49,51.08,52.33,58.87,31,75.97,105.99,110.16,90.4,72.88,44.83,81.05,63.54,74.69,
98.53,64.05,130.21,61.47,25.27,80.77,99.92,64.65,165.73,125.78,133.23,32.06,97.57,58.83,41.58,116.69,140.46,51.25,52.3,59.55,31.07,76.67,106.79,109.58,90.5,73.92,45.09,81.02,64.22,73.69,
99.96,64.4,131.92,61.6,25.35,82.15,101.46,63.79,165.71,127.49,132.9,32.68,98.24,58.96,42.12,117.44,140.86,51.76,52.78,59.94,31,76.51,107.98,112.26,90.5,74.76,44.93,81.82,63.62,75.2,
97.39,62.85,128.12,60.89,24.6,81.33,98.48,62.13,158.99,121.4,131.17,31.91,97.02,57.34,41.85,115.12,138.72,50.66,51.64,58.78,30.37,75.85,106.06,109.23,88.83,73.1,44.15,79.93,61.92,75.65,
99.52,63.29,129.2,62.27,24.66,85.47,99.11,63,161.39,119.62,132.91,32.74,98.89,58.2,41.88,116.62,141.18,51.8,53.11,58.51,31.11,76.15,106.98,110.76,89.01,73.8,44.87,81.87,63.06,79.12,
97.13,62.91,125.63,59.87,23.62,83.67,93.9,61.18,155.61,119.23,130.03,29.76,97,57.04,41.5,115.18,138.69,51.14,50.99,57.56,30.81,74.98,105.1,109.27,85.63,71.83,44.43,79.93,61.93,77.58,
96.66,62.64,126.06,59.03,23.85,81.51,93.97,59.91,156.82,119.76,128.11,29.8,97.5,57.01,41.92,117.5,138.39,51.34,50.56,58.32,30.69,76.73,105.76,112.58,85.24,71.39,44.87,80.7,62.56,76.4,
96.79,63.03,122.14,58.81,22.9,78.98,92.54,58.84,153.75,116.46,121.86,29.59,95.75,55.51,41.38,115.78,136.96,50.55,50.79,59.04,30.66,75.83,103.65,114.79,84.83,70.68,44.42,79.45,60.84,73.18,
96.3,62.64,123.4,59.69,22.9,81.05,94.02,59.81,151.65,120.22,122.91,29.66,95.94,55.25,41.39,117.84,137.76,50.92,50.48,60.56,30.58,76.72,102.7,113.5,85.57,71.56,45.87,78.98,61.88,74.1,
101.42,55.06,124.61,60.98,23.37,83.54,96.9,61.55,156.86,122.76,122.5,29.93,96.75,56.95,42.06,118.4,139.52,51.35,52.29,60.88,30.71,77.36,103.14,114.33,86.35,72.7,47.04,80.84,62.69,76.57,
99.44,55.02,124.01,57.91,23.17,80.89,95.29,60.07,151.12,121.71,122.08,29.6,96.4,55.66,42.16,119.2,137.57,50.92,51.79,60.7,30.5,76.85,102.08,113.38,84.9,71.74,47.03,78.71,63.45,73.98,
99.99,55.09,128.01,59.16,23.72,84.12,96.27,60.47,154.45,122.2,122.59,29.94,101.18,57.08,42.08,120.43,144.78,51.45,52.17,61.11,30.67,78.81,103.25,113.96,85.65,71.88,48.25,79.44,64,76.7,
93.42,54.52,116.58,58.32,23.43,83.29,94.32,58.97,153.72,121.57,120.96,29.81,102.16,57.04,42.09,120.87,145.55,50.37,51.22,59.58,30.52,78.8,103.31,112.33,85.81,70.91,49.03,78.45,63.95,75.29,
94.09,52.88,118.01,61.08,23.11,85.92,93.53,59.17,157.06,122.28,122.22,29.97,102.27,57.28,42.57,122.38,147.32,49.2,52.06,61.2,30.2,79.82,104.47,111.38,86.45,69.33,49.01,77.61,64.22,76.99,
97.34,53.5,120.13,62.24,23.79,86.47,95.82,59.81,161.56,125.76,124.79,31.02,104.44,59.5,42.92,123.78,151,50.67,55.09,62.01,30.49,81.69,107.04,115.16,87.69,74.49,49.97,79.72,66.36,77.85,
96.43,54.7,121.56,62.7,23.48,85.29,95.15,60.64,159.65,126.51,124.83,30.82,104.37,58.86,43,124.61,148.73,50.75,54.71,63.16,30.17,81.12,107.01,115.89,87.56,74.38,50.76,80.07,67.5,76.29,
94.48,53.66,117.52,60.67,22.83,81.24,93.12,64.13,151.7,125.27,122.94,29.8,103.41,57.03,42.44,123.95,147.87,50.41,53,62.55,30.14,80.22,106.03,113.88,85.42,73.4,49.91,78,66.86,74.59,
96.35,54.11,121.87,63.27,23.1,84.62,95.14,66.56,152.68,123.79,124.72,29.34,104.14,57.41,42.72,121.47,152.52,50.05,52.16,62.49,29.67,81.1,106.89,112.75,85.96,74.38,50.62,76.81,66.27,78.48,
96.6,54.38,123.61,65.96,23.54,84.79,95.43,67.49,156.49,121.11,127.65,29.77,103.9,58.4,42.53,120.66,153.44,48.59,52,60.17,29,80.7,107.49,114.2,88.12,73.68,50.43,77.19,66.42,79.83,
94.02,53.98,122.56,66.12,22.89,82.88,93.9,66.49,156.47,116.43,128.57,29.04,100.54,57.75,42.44,115.4,153.47,49.38,50.16,57.17,29.03,81.2,106.29,111.72,87.84,71.54,50.97,75.2,67,80.08,
95.01,52.4,119.47,64.58,22.93,85.99,92.12,65.84,149.25,111.85,126.98,28.82,102,56.54,42.65,116.05,153.9,48.83,49.41,55.04,28.56,82.62,105.6,110.02,86.78,67.77,50.74,72.91,66.9,81.16,
94.99,52.63,118.88,63.93,22.65,82.92,92.32,66.36,148.25,113.86,124.07,28.81,101.97,56.2,43.3,117.01,154.74,49.16,49.28,55.68,29.1,82.64,105.92,111.16,87.24,68.33,50.15,74.93,65.81,80.08,
94.27,52.29,116.36,62.14,22.51,83.04,88.85,65.74,147.23,114.33,120.19,28.23,101.73,55.52,42.55,117.54,152.45,49.53,49.71,57.41,29.49,81.62,105.72,112.74,86.96,70.15,49.98,76.01,65.79,79.35,
93.7,51.11,108.44,61.41,24.68,82.99,90.31,63.8,140.69,113.27,117.85,28.22,101.7,53.07,42.41,116.73,150.67,48.85,49.69,56,29.13,79.9,103.77,110.62,84.66,68.47,49.39,75.53,65.32,79.6,
93.99,52.66,108.63,63.15,25.11,85.43,91.15,65.52,146.13,116.32,121.04,28.64,101.82,57.49,43.11,117.93,153.96,49.03,50.5,56.42,29.36,80.99,107.49,111.82,85.95,70.42,50.11,77.08,66.18,81.03,
96.64,53.18,112.6,65.21,25.84,84.81,92.91,66.69,149.02,119.43,122.74,28.78,102.32,58.35,43.36,119.18,155.53,49.78,51.09,57.79,29.81,81.47,107.37,115.15,86.48,71.1,50.24,76.55,65.9,81.22,
98.12,53.61,116.34,67.26,26.46,88.31,95.5,68.34,150.94,121.21,126.1,29.47,102.5,58.77,43.49,118.64,156.62,50.6,52.42,58.17,29.63,82.45,109.18,118.3,88.12,72.03,50.32,78.16,66.11,82,
96.26,54.15,117.57,66.12,26.43,86.73,95.17,67.74,147.73,119.97,132.45,29.42,104.24,57.81,43.61,117.17,156.78,50.32,52.19,58.6,29.55,81.98,108.85,117.45,88.36,71.24,50.94,76.55,64.12,82.45,
96.04,54.71,115.16,65.42,26.55,86.5,95.01,67.05,146.91,121.69,133.08,28.71,104.16,57.82,43.77,116.53,156.45,50.12,51.82,59.31,29.49,81.79,108.09,117.68,88.23,71.53,50.86,77.57,64.66,82.5,
96.88,55.63,117.39,67.31,26.63,88.82,96.37,68.2,148.79,122.85,133.77,29.35,104.75,58.57,43.94,117.67,157.7,50.77,52.65,60.17,30.05,82.13,109.35,121.27,92.37,73.06,51.07,78.8,65.63,82.39,
94.69,55.11,116.9,65.78,26.12,84.91,95.38,66.9,144.91,124.53,132.4,28.8,104.08,56.12,43.69,116.9,156.17,50.54,51.18,60.21,29.96,81.81,107.91,121.15,91.6,72.15,50.63,78.73,66.48,81.23,
96.1,54.64,115.59,65.88,26.32,85.27,95.43,67.2,145.56,125.61,132.8,29.19,104.96,56.14,43.91,117.06,157.22,50.56,51.36,60.4,30.02,81.56,108.48,120.2,93.61,71.85,50.82,79.43,67.12,81.52,
96.76,55.39,116.82,66.47,26.6,85.3,95.65,68.5,148.25,126.86,134.5,29.62,106.38,57.01,44.16,118.37,158.99,51,52.1,62.38,30.59,82.34,109.27,121.2,98.07,73.27,51.11,79.92,68.04,82.01,
96.91,55.38,118.16,66.87,26.41,84.35,95.31,69.41,150.25,126.26,132.03,29.8,105.78,57.54,43.14,117.06,158.27,50.64,51.3,62.6,30.23,81.1,108.46,121.33,97.69,72.73,51.02,79.57,66.51,81.75,
96.69,55.58,118.18,67.7,26.18,83.44,95.52,69.23,149.53,124.12,131.03,29.59,105.21,56.3,43.13,117.19,156.87,50.21,50.88,61.59,29.67,80.29,107.52,119.1,96.62,72.39,50.73,78.94,66.34,80.15,
100.53,56.8,119.96,69.09,26.83,86.13,97.65,71.3,154.65,125.7,134.37,30.37,107.22,59.2,43.69,118.85,159.59,51.75,52.58,62.92,30.04,81.23,110.13,121.67,95.05,74.64,51.46,80.35,66.46,81.28,
100.75,57.12,119.65,69.38,26.9,87.14,97,70.66,154.2,125.59,136.3,30.54,107.04,59.76,43.77,118.48,159.41,52.27,52.95,62.22,29.98,82.55,110.2,121.27,95.53,74.3,52.12,79.46,66.21,82.7,
101.5,58.09,119.61,71.75,26.87,87.53,98.82,70.63,155.33,126.8,137.8,30.58,106.65,59.96,43.96,116.69,159.38,52.1,52.35,61.47,29.89,82.84,109.8,121.82,96.11,73.91,51.89,79.92,66.14,82.4,
103.01,58.29,121.07,72.84,26.8,87.93,98.48,71.62,156.84,125.56,137.8,30.63,106.5,60.05,44.11,117.18,160.07,52.08,52.03,61.26,29.71,83.49,110.4,121.8,97,73.9,51.81,79.45,66.78,82.29,
101.87,59,122.9,74.77,27.14,90.67,99.39,70.86,155.35,126.17,140.15,30.94,106.74,59.94,44.01,117.15,160.57,52.64,51.03,59.25,29.79,83.1,110.41,121.76,96.92,71.94,52.21,79.15,67.89,84.46,
101.03,59.43,122.35,71.73,27.05,88.74,97.82,69.54,151.6,126.72,139.07,30.56,106.22,58.78,44.32,118.42,160.2,52.45,51.65,59.81,29.36,83.06,110.85,121.66,96.9,70.62,52.46,80.39,68.04,82.63,
101.12,59.05,122.86,71.87,27.61,92.82,97.66,69.87,149.91,126.03,140.41,30.87,106.84,59.12,44.81,119.64,160.09,52.36,52.84,58.33,29.74,82.96,111.33,121.1,96.6,70.68,52.34,81.6,67.53,82.4,
101.17,58.75,122.94,71.36,27.38,93.94,97.04,69.97,151.02,125.89,140.19,31.25,107.14,58.61,45.23,119.98,159.89,53.04,52.05,58.88,29.59,82.28,111.53,122.09,96.18,70.22,52.32,80.66,67.41,82.18,
102.26,59.46,124.63,72.8,27.86,94.58,97.94,72.09,153.94,128.46,142.36,31.76,107.71,59.34,45.2,121.55,161.88,53.2,53.07,60.08,30.5,81.75,113.64,125.1,96.75,71.63,52.53,81.41,67.17,82.19,
102.52,59.57,126.34,72.73,27.7,94.26,98.81,71.6,153.49,128.84,142.78,31.43,107.66,59.12,45.29,122.9,161.81,53.08,53.17,60.81,30.1,81.17,112.82,125.22,96.83,71.49,52.54,81.52,67.36,82.41,
104.58,59.23,126.36,72.44,27.66,94.27,98.24,71.48,152.03,129.71,142.96,31.65,107.76,59.2,45.24,123.43,162.41,52.42,53.59,61.4,29.54,81.31,113.92,124.85,96.29,71.91,52.67,81.32,68.09,82.82,
105.97,59.7,127.57,74.34,27.88,95.4,98.44,72.14,150.54,130.45,144.79,31.69,107.41,58.92,45.05,123.52,162.89,51.94,54.35,61.86,29.04,81.34,114.68,124.9,97.49,72.37,53.21,82.1,67.99,82.87,
105.8,60.08,130.7,75.9,28.19,96.89,99.6,73.2,152.91,130.88,147.04,31.98,106.74,58.75,45.77,123.16,163.75,51.53,54.66,63.18,29.34,82.75,115.83,124.53,98.84,73.14,53.63,83.3,67.45,84.1,
105.92,61.22,133.96,75.47,28.33,97.69,99.2,73.57,157.6,131.35,147.09,32.68,107.5,60.48,45.6,124.08,165.33,52.25,53.49,62.99,29.45,83.15,115.76,126.72,99.05,73.78,53.24,83.94,66.95,84.2,
105.91,61.21,135.86,75.89,28.19,96.44,98.46,73.4,156.29,131.01,148.63,32.34,107.28,60.46,45.67,123.81,164.84,52.8,53.86,64.72,30.07,83.32,116.03,126.74,99.17,73.77,53.44,83.55,67.97,83.62,
106.72,60.61,135.12,75.55,28.28,95.5,97.58,72.98,154.2,130.59,148.1,32.32,107.38,60.24,45.5,123.82,164.91,53.03,54.07,64.9,30.38,82.74,116.06,128.02,98.66,72.96,53.21,82.8,67.87,84.12,
106.13,60.63,132.86,73.68,27.83,93.59,96.83,72.89,154.08,130.22,145.4,32,108.5,59.94,45.46,124.19,164.27,53.08,53.97,62.44,30.19,82.82,115.89,129.79,99.11,73.91,52.91,82.34,67.46,83.75,
105.67,60.47,132.12,75.29,27.96,94.85,97.22,73.08,153,130.46,147.95,31.88,108.31,59.48,45.58,123.29,164.46,53.07,54.21,61.65,30.08,82.89,115.39,128.59,99.06,74.14,53.56,82.33,68,83.98,
105.19,60.28,131.29,75.32,27.9,94.68,98.09,73.43,153.84,131.08,148.4,31.9,108.23,59.4,45.8,123.17,166.28,52.83,53.54,61.34,29.78,82.62,116.25,128.92,98.91,74.08,53.4,82.79,68.12,84.22,
107.68,60.6,130.88,76.01,28.1,95.32,98.16,72.8,155.03,132.47,149.33,32.38,109.14,59.03,46.48,123.97,164.39,53.32,54.71,61.49,30.05,82.8,116.41,129.83,100.12,75.38,54.05,83.02,68.03,84.53,
109.56,60.29,128.58,76.51,28.46,95.25,98.91,73.31,156.5,133.42,148.41,32.71,108.98,59.71,46.58,125.83,166.75,53.22,55.05,62.04,30.07,82.68,117.43,129.68,100.25,76.78,54.04,83.63,68.8,84.52,
108.99,61.4,126.94,76.54,28.47,95.4,99.31,72.43,156.98,133.43,151.45,32.35,108.2,59.22,46.39,125.68,166.63,52.91,55.23,61.47,29.64,82.31,116.71,128.9,100.1,76.48,54.08,84.24,68.49,83.59,
109.99,61.1,126.96,76.79,28.69,94.26,99.07,72.83,159.82,134.85,152.52,32.45,109.19,59.87,46.83,127.02,167.53,53.7,55.57,61.59,30.04,83.53,117.4,129.92,99.97,77.59,54.01,86.7,69.06,82.96,
111.12,60.62,126.34,75.72,28.14,93.43,98.68,72.73,157.77,134.85,152.07,32,108.59,59.2,46.89,127.57,166.4,54.4,55.43,59.97,30.72,83.21,117.56,129.49,100.27,77.83,54.42,86.31,69.1,83.16,
109.81,60.19,127.03,75.24,27.58,92.67,97,72.26,155.35,134.58,150,31.9,108.95,58.36,46.53,127.38,165.81,54.24,54.56,59.67,31.36,83.16,116.13,127.04,99.86,76.97,54.09,83.36,68.64,82.21,
110.96,59.88,127.93,75.22,28,94.84,97.48,72.53,155.19,135.44,150.02,32.08,109.42,58.81,46.71,127.52,166.81,55.63,55.12,60.31,32.93,83.81,115.93,128.03,100.37,78.21,53.52,83.69,69.04,83.31,
108.54,58.86,127,74.17,27.6,94.79,96.16,71.83,150.41,133.87,148.25,31.55,109.27,57.32,46.36,128.14,167.16,55.42,54.46,60.3,32.76,83.24,114.5,126.87,100.89,77.58,52,81.3,68.22,82.37,
108.66,59.5,127.88,74.35,27.69,96.33,96.42,72.3,150.28,133.62,149.35,31.63,109.1,57.74,46.87,127.96,166.63,55.36,54.42,59.42,32.5,83.2,115.23,125.68,101.32,78.03,52.18,81.37,68.06,83.21,
109.02,59.8,127.91,74.63,27.62,95.24,96.27,72.29,152.2,133.01,149.25,31.67,108.97,58.2,46.44,127.56,166.59,55.05,54.31,57.92,31.89,82.73,114.78,126.33,102.14,77.82,51.61,81.15,67.4,83.32,
110.44,60.68,129.47,76.1,27.64,97.51,97.35,73.51,154.31,134.38,149.63,31.86,109.6,59.28,46.65,127.61,168.03,55.34,54.65,58.55,31.96,82.83,115.19,126.8,103.08,78.52,51.95,81.31,68.8,84.35,
112.04,62.16,131.14,79.13,28.23,97.6,99.48,74.35,159.85,133.84,151.23,32.13,109.87,61.79,46.04,126.89,168.59,55.96,55.35,59.58,32.54,82.46,115.96,127.76,104.61,79.71,51.29,81.08,69.15,84.83,
112.1,62.51,130.85,79.05,28.25,97.98,98.63,74.57,160.91,134.37,151.16,31.8,109.84,62.59,45.83,127.51,168.16,56.45,55.36,59.49,32.65,82.01,115.36,127.98,104.68,80.33,51.36,81.26,68.8,85.43,
109.85,62.14,131.13,79.17,27.9,97.23,98.59,74.58,158.52,135.01,151.72,31.46,110.18,61.87,46.1,127.78,168.78,56.14,55.65,59.5,32.5,82.3,116.23,127.33,104.57,80.08,51.35,81.44,69.06,84.97,
107.48,62.59,131.97,79.25,28.19,98.7,101.48,74.82,159.02,136.8,152.53,31.65,110.93,62.27,46.22,128.85,169.55,56.51,56.46,59.57,32.61,82.83,116.01,127.81,105.13,81.45,51.73,81.25,69.86,85.78,
106.91,63.57,132.68,80.39,28.33,100.5,102.64,75.55,162.65,135.44,144,31.6,112.68,63.32,46.6,128.86,169.65,56.86,56.39,59.56,32.89,83.28,116.27,130.5,105,80.75,52.08,81.84,69.77,86.21,
107.13,65.02,130.57,79.74,28.44,101.69,103.27,73.97,166.98,135.19,146.11,32,113.58,64.24,44.37,128.55,168.94,56.58,55.59,59.62,33.23,81.55,115.8,133.93,105.53,81.15,51.75,81.13,69.21,86.8,
105.97,65.61,130.74,78.66,28.24,101.4,102.91,74.02,165.32,134.6,149.3,31.97,113.57,63.6,43.66,125.79,168.66,56.6,55.78,60.08,33.24,80.8,108.79,132.96,105.43,80.79,50.03,80.56,68.47,86.79,
105.68,65.93,131.05,78.32,28.15,102.01,103.77,74.92,166.75,135.66,148.5,31.64,113.32,63.97,44.54,125.5,168.66,56.74,51.78,59.43,33.27,80.95,110.84,134.13,105.7,79.11,50.55,80.14,68.72,87.53,
105.08,65.7,130.75,76.79,28.23,101.51,104.57,74.82,165.09,135.65,148.81,31.39,113.51,63.6,44.71,127.46,168.38,56.22,52.11,59.21,33.21,81.41,110.34,133.78,105.2,78.14,50.76,80.39,69.47,87.33,
104.35,66.2,133.24,77.65,28.45,102.29,104.89,76.43,165.84,135.34,149.08,31.4,112.91,63.93,44.53,127.71,166.18,56.04,51.44,59.54,33.05,79.55,109.97,134.24,104.8,78.53,50.44,81.31,69.3,87.63,
97.82,66.23,137.08,78.68,28.64,103.85,105.28,76.33,166.92,135.75,150.47,31.75,112.77,64.11,44.68,128.3,167.76,56.31,50.94,59.27,33,79.89,109.53,132.8,105.89,78.76,51.69,81.56,69.42,88.46,
94.83,65.84,134.8,77.75,27.96,102.4,104.03,76.07,164.29,132.73,147.07,31.11,112.48,63.6,44.63,127.92,167,55.74,49.9,58.54,32.91,79.76,109.13,132.07,104.23,77.68,51.02,80.35,68.91,88.03,
93.74,65.43,134.8,77.72,27.49,102.18,103.26,74.92,164.11,133.89,145.94,30.28,112.08,63.2,44.8,126.49,167.38,54.84,49.87,58.94,32.71,80.12,109.9,131.68,104.37,77.24,50.94,79.28,66.87,88.4,
93.64,65.68,134.01,77.84,27.37,103.31,104.36,74.98,166.18,136.05,145.27,30.61,112.75,63.79,44.98,128.2,168.34,55.3,50.61,59.59,32.8,80.97,110.91,132.1,104.37,78.46,51.32,80.56,67.59,89.13,
95.18,64.85,132.49,76.36,26.86,101.32,103.78,73.73,163.14,134.54,144.13,30.36,112.69,62.56,44.84,128.4,167.97,55.08,49.78,59.52,33.7,81.1,110.33,132.46,102.13,77.19,50.68,81.46,67,88.11,
94.19,64.26,130.89,74.24,26.44,100.59,103.67,73.18,160.07,135.16,144.25,29.85,112.22,62.56,44.98,129.33,167.16,54.81,49.87,59.11,33.4,81.6,109.73,132.03,100.67,77.19,50.84,81.49,67.19,87.94,
93.24,63.92,132.08,72.79,26.21,101.42,104.93,72.42,159.53,134.67,146.47,29.9,112.88,61.24,45.06,129.28,167.77,54.09,49.94,58.19,33.57,81.3,110.75,132.31,100.29,77.36,50.84,81.46,67.21,88.04,
92.72,64.51,133.26,73.36,26.53,101.86,105.54,72.86,158.85,135.7,147.29,30.04,112.74,61.6,45.32,130.58,168.89,53.6,50.39,58.43,33.58,82.13,110.45,132.04,101.12,77.72,51.12,79.43,68.25,88.51,
92.79,63.98,132.1,70.78,26.51,100.35,105.34,72.4,157.51,136.24,147.34,29.8,113.72,61.21,45.24,130.83,168.52,54.1,50.07,58.72,33.82,82.12,110.81,132.67,100.09,78.22,51.08,80.89,68.95,88.57,
93.42,64.84,134.72,72.51,27.03,101.27,106.6,73.4,161.42,137.51,149.97,30.14,114.67,62.04,45.75,131.6,170.26,54.68,51.02,59.2,33.8,82.48,112.27,133.57,102.16,79.2,51.54,80.92,68.79,89.99,
92.51,64.59,133,72.43,26.7,101.14,102.29,72.98,159.42,134.3,148.95,30.06,114.37,61.81,45.46,129.14,169.77,54.31,51.05,57.01,33.16,82.15,111.97,130.69,101.6,77.3,51.15,80.23,66.41,88.81,
90.34,64.34,134.42,71.7,26.67,102.12,101.71,73.4,158.07,134.19,148.84,29.76,114.23,61.77,45.83,130.12,170.15,54.12,51.51,57.99,33.19,82.41,112.64,129.74,101.46,77.89,51.47,79.87,66.85,89.67,
90.52,64.12,132.12,70.07,26.53,100.74,100.52,71.99,155.34,133.13,147.72,29.91,113.56,61.2,45.35,128.83,168.32,53.88,51.08,57.31,33.19,81.23,112.67,129,100.27,76.83,50.94,78.61,64.94,88.66,
93.88,64.07,134.14,70.7,26.97,102.29,100.36,73.48,155.38,135.34,149.46,30.39,114.44,61.66,45.62,129.64,169.55,54.65,51.83,57.14,33.38,81.63,112.24,130.64,101.82,77.8,51.23,78.87,66.02,89.57,
93.49,62.76,132.56,71.05,26.65,100.75,99.94,73.35,154.65,132,148,29.98,113.83,61.66,44.75,127.69,167.81,54.32,50.51,57.1,33.03,80.62,110.42,129.56,100.06,76.79,50.9,76.48,65.1,89.53,
94.56,63.52,130.99,70.59,26.72,100.06,99,72.36,159.94,131.77,147.34,29.99,113.59,64.04,44.48,126.21,166.82,54.67,50.81,56.12,33.17,79.85,111.3,130.51,99.29,77.43,50.39,76.54,63.15,89.35,
94.2,62.74,128.08,69.43,27.57,99.85,98.41,72.3,154.7,131.73,144.93,29.63,112.85,63.39,44.32,125.29,165.11,54.58,50.32,57.04,33.38,80.19,110.1,130,98.51,76.88,49.63,76.21,69.2,90.11,
95.22,63.92,127.39,69.87,27.97,99.79,99.78,73.14,154.51,131.85,147.25,30.15,112.64,63.51,43.95,122.56,165.01,55.11,50.62,56.48,33.74,80.02,111.89,130.94,99.1,77.67,49.66,77.22,69.86,89.74,
96.43,63.59,127.58,70.4,27.94,99.38,99.18,74.42,155.45,131.42,146.77,30.23,112.16,63.46,43.97,122.81,166.11,54.92,50.03,55.99,33.67,80.2,111.39,130.42,98.9,77.21,49.14,76.53,69.5,89.6,
97.9,64.87,127.5,71.09,28.47,100.19,99.51,75.22,157.59,133.36,148.31,31.06,112.69,64.54,44.37,123.95,168.63,55.6,51.59,56.59,34.1,80.97,113.44,132.59,99.91,79.38,49.58,77.15,70.24,89.67,
99.62,65.31,128.86,72.57,28.92,101.77,99.86,75.28,161.25,133.2,151.69,31.39,113.35,65.52,44.38,123.26,169.99,56.57,52.12,55.99,34.35,81.48,113.54,133.42,100.32,79.06,49.85,77.63,70.48,90.26,
100.41,65.23,129.31,72.08,28.9,101.5,99.81,74.04,159.22,134.05,152.44,31.49,112.9,65.03,44.69,123.79,168.91,56.39,51.89,55.84,34.43,81.22,113.6,132.98,100.41,79,50.16,76.78,70.85,89.8,
100.35,65.52,129.22,71.96,28.92,102.02,100.29,74.31,159.53,133.94,152.84,31.57,113.06,65.43,44.78,123.25,168.89,56.48,52.32,56.19,34.61,81.43,114.18,134,100.76,79.66,50.62,77,70.75,90.01,
99.86,65.76,126.15,72.51,29.05,101,99.22,73.14,159.48,132.12,153.74,31.59,112.69,65.27,44.6,122.06,168.32,56.26,53,55.22,34.7,81.04,114.14,133.67,100.58,78.94,50.9,77.4,70.78,89.02,
98.46,65.91,126.41,72.27,28.9,101.13,98.52,73.45,159.97,131.83,152.51,31.66,112.78,65.69,44.7,121.97,168.69,56.33,52.85,54.93,34.75,81.79,114.84,134.53,100.35,79.22,50.43,78.1,70.5,89.24,
97.72,66.41,126.85,73.62,29.08,100.53,98.72,74.39,159.28,132.41,153.5,31.76,114.49,65.81,44.72,121.17,168.04,56.82,52.48,54.53,34.87,81.95,114.87,136.04,100.79,79.95,50.77,79.1,70.95,88.53,
97.92,65.49,127.38,75.04,29.13,100.66,98.75,75.7,155.67,131.74,152.89,31.62,114.76,64.64,45.04,121.35,168.38,56.64,51.79,53.45,34.69,82.47,114.62,136.84,100.43,79.94,50.92,78.68,70.87,88.37,
98.63,65.94,131.9,76.42,29.1,101.17,98.78,76.37,157.06,129.19,152.73,31.68,115.77,65.28,45.37,122,170.08,57.17,52.13,54.3,34.93,82.77,114.33,138.15,101.36,80.54,50.71,78.66,71.05,89.34,
99.03,65.89,131.93,76.81,29.07,103.32,98.35,76.47,155.17,129.92,153.33,31.88,115.73,65.06,45.32,121.9,170.91,57,52.1,53.55,34.84,82.32,114.58,136.94,101.45,80.6,51.75,79.12,71.03,90.71,
98.94,66.26,133,78.11,29.14,103.09,98.04,76.45,154.64,129.59,154,31.89,115.8,65.25,45.55,122.11,171.42,57.62,52.04,54.12,35.25,82.65,114.22,140.4,102.07,81.65,51.52,79.44,71.28,90.79,
99.65,65.71,133.1,77.16,29.14,102.81,97.84,76.32,153.17,129.3,153.42,31.94,117,64.75,45.76,122.79,170.13,57.18,51.62,54.94,35.31,83.17,114.22,140.68,102.32,81.26,51.95,79.01,71.09,90.67,
98.83,64.97,131.14,76.03,29.03,101.98,97.34,76.02,149.89,128.83,152.37,32.04,117.01,63.84,45.99,122.36,168.56,56.81,51.48,55.11,35.29,83.2,113.81,139.24,102,80.18,52.67,82.47,71.14,89.98,
97.34,63.67,129.92,75.23,28.84,102.1,97.57,75.04,148.63,127.83,151.28,32.17,116.79,63.27,45.12,122.99,167.13,56.11,50.14,54.91,34.74,82.57,113,138.09,101.21,78.4,52.57,84.36,70.53,90.59,
97.46,61.07,130.5,74.86,28.96,101.28,98.4,74.24,146.19,125.24,151.06,32.14,117.12,62.08,45.04,122.51,167.61,56.25,49.83,54.12,34.99,83.35,112.55,137.87,101.19,78.57,52.99,84.34,70.95,90.43,
97.14,61.42,130.16,75.07,28.65,100.63,98.27,73.85,146.16,126.53,150.68,31.61,116.41,61.97,45.01,122.25,167.8,56.09,49.69,54.31,34.79,82.95,111.81,137.26,100.54,78.17,52.84,83.21,71.12,90.16,
97.55,61.93,129.37,74.99,28.87,101.07,98.38,74.32,146.63,127.36,151.06,31.69,116.64,62.22,45.31,122.47,169.93,57.5,50.39,53.47,34.75,83.41,112.75,138.66,101.12,78.35,53.46,83.15,71.3,91.22,
95.33,61.86,129.82,75.93,28.95,101.57,99,75.38,145.64,127.14,151.99,31.76,115.48,62.28,44.79,122.27,168.94,55.89,50.13,53.71,34.22,83.13,111.86,137.69,101.2,76.99,53.78,82.65,70.95,90.72,
95.1,62.3,132.75,76.43,28.8,102.61,99.57,75.58,147.75,127.62,153.61,32.17,116.54,62.37,44.98,123.42,171.23,56.14,50.07,54.36,34.5,83.04,112.61,138.52,101.7,77.34,53.76,82.93,71.1,91.12,
95.91,62.29,131.52,76.49,28.77,103.24,98.82,75.86,148.35,127.74,154.05,32.32,116.18,62.95,45.13,122.63,171.37,56.25,51.19,54.77,34.75,83.41,112.72,138.19,101.57,77.33,54.1,83.2,71.46,91.53,
95.55,61.95,131.77,76.43,28.72,102.29,98.79,75.79,148.14,127.6,152.92,32.29,116.46,62.71,44.86,120.62,171.23,57.04,50.99,54.57,34.47,83.57,111.83,137.9,101.35,76.53,54.03,83.74,71.75,91.17,
96.1,63.25,133.55,78.22,29.22,104.44,99.02,76.45,152.66,128.29,155.35,32.99,117.38,64.05,45.08,121.21,174.11,57.68,51.91,54.12,34.59,84.21,113.85,139.19,102.33,78.23,54.67,85.06,72.1,91.8,
93.4,60.06,126.52,73.03,27.75,101.9,95.72,73.44,141.86,126.4,146.59,31.55,115.63,59.6,43.93,119.44,169.12,55.88,49.83,52.59,33.97,82.26,111.02,137.29,98.89,75.05,54.43,81.78,71.96,89.39,
92.04,57.67,122.7,71.38,27.31,100.36,94.38,71.16,139.51,124.67,143.5,30.72,116.55,57.61,43.78,116.3,167.19,55.31,48.43,51.89,33.8,81.23,110.35,137.11,97.21,73.34,54.74,79.39,71.5,88.86,
93.59,57.9,123.89,72.52,27.79,101.63,96.05,69.07,142.41,127.53,145.7,31.19,118.23,59.52,44.18,118.5,169.59,55.58,49.44,53.09,34.44,82.46,114.13,138.71,99.03,75.16,54.82,79.88,71.51,90.91,
94.4,59.63,126.99,74.23,28.26,103.42,96.98,70.35,145.5,127.37,148.46,31.93,119.33,61.2,44.44,119.49,171.52,57.05,50.54,55.13,35.01,83.91,116.81,140.52,100.47,76.74,55.06,83.19,72.46,92.46,
95.6,60.76,129.87,75.81,28.69,104.83,97.82,70.79,148.58,127.69,151.78,32.8,121.3,62.14,45.33,120.34,175.12,57.61,51.17,55.2,35.21,84.67,119.04,141.2,102.55,74.17,55.84,83.27,73.02,93.74,
